3,2
3,1
3,3
10,168
10,296
10,154
10,100
10,88
10,198
10,64
10,2
10,3
9,6
9,4
8,12
8,17
8,5
8,10
8,16
8,2
8,3
108,8
108,7
108,6
108,5
108,4
108,3
108,2
108,1
108,0
107,4
107,3
107,2
107,1
107,0
105,4
105,3
105,2
105,1
105,0
103,4
103,3
103,2
103,1
103,0
99,4
99,3
99,2
99,1
99,0
96,4
96,3
96,2
96,1
96,0
93,3
93,2
93,1
93,0
92,3
92,2
92,1
92,0
91,6
91,5
91,4
91,3
91,2
91,1
91,0
84,5
84,4
84,3
84,2
84,1
84,0
80,4
80,3
80,2
80,1
20,3
20,2
20,1
19,3
19,2
19,1
12,3
12,2
12,1
18,1
11,29
18,3
11,28
11,27
11,26
11,25
11,24
11,23
14,1
11,22
14,5
11,21
14,3
11,20
11,19
13,1
11,18
13,3
11,17
11,16
11,15
11,14
11,13
11,12
11,11
11,10
11,9
11,8
11,7
11,6
11,5
